16715
5387
5389
5386
126
106012
106002
68512
32960
622
68509
68517
68516
68511
68510
29
6904
50744
3757
32482
8348
8738
28604
25575
27252
533
2369
76348
8326
10933
52108
5728
1667
6793
9930
58250
48574
3676
2239
12677
68155
2350
5498
23648
883
99079
29516
30590
1903
94188
14431
40636
95729
95728
95723
10150
8752
81378
35974
98307
88123
54721
65068
9559
7041
4997
24750
68893
38414
107225
13194
3677
69124
69434
100443
41469
32030
12518
40406
26745
1456
1960
58198
29020
2345
17899
14432
83366
23176
24648
37786
59853
9171
88958
88957
88956
2866
3739
43292
75426
106000
80092
11876
11161
11160
17388
34657
52227
10930
2472
106011
106010
68122
100215
75393
49203
1184
6659
47054
10496
36181
4181
67795
1367
8679
16904
20693
59708
45897
59795
2370
44845
6892
20890
4173
4171
102351
33438
67293
67292
48627
50134
3733
67291
15975
106838
26774
17447
55366
54994
54993
77133
37655
6717
88101
61697
23199
15272
1118
44442
69125
63857
58311
15992
101603
25184
8499
24153
9446
11010
11009
11005
1414
41700
8680
95269
95268
95267
95266
3074
82404
8217
73535
17130
35404
8322
33044
19909
66118
59588
11170
11169
18475
49344
12412
13751
104056
50381
69107
1045
68662
4750
37157
61836
99493
99005
72922
61903
2684
17186
81198
44604
81477
9447
25859
100302
20234
4704
307
35403
52339
3601
25346
95147
71023
52462
254
11168
10915
8841
13752
510
461
7035
13789
15772
29070
17666
3977
26245
4079
26416
35316
6893
10478
9996
75832
90706
84182
11365
50991
24440
24439
13441
995
8545
55583
59361
7691
26956
70880
66671
66938
3480
67290
67289
67288
26181
10304
5335
1083
50156
38662
66113
27031
53488
17505
25073
10565
6052
78371
6907
6906
36502
30831
70456
61271
59834
92485
92482
41222
25750
14505
16387
54999
40109
89033
5841
57590
14405
56453
1549
11943
1713
6274
12398
6624
20701
26419
33177
31144
17780
27189
6951
79670
7594
78525
23500
16327
28268
13251
81033
519
92732
69800
56454
10707
91677
16083
48475
102309
77460
8886
8520
106007
3809
96015
26307
22862
20415
3235
6908
6905
1130
20859
89081
89075
89074
3781
31028
4340
1725
25858
1410
17359
68328
11526
86967
6890
4611
28201
101160
54648
12358
7535
29323
17464
39300
86768
51940
26048
22754
22753
22752
22747
1976
51468
102311
102310
2700
5767
63434
51908
102968
66484
24915
6507
85211
69909
10580
49790
100759
100758
2363
35455
60518
100220
102377
102376
75701
35960
21802
2286
118
59912
102361
1487
81657
61291
87607
101279
99328
91954
88025
69562
7093
10579
13939
16122
4726
49844
88152
14429
42182
16967
42851
86751
58472
58471
47610
46700
36693
24030
32794
17739
28064
49984
24971
31298
26346
17389
17386
11877
89701
29517
29510
29491
62945
32555
5698
33451
34838
38188
682
47055
44658
71906
42465
5417
3979
63457
6797
459
33190
3930
3306
32494
33851
31510
74297
74296
69601
13220
55500
57430
3599
39502
102370
80385
73303
20526
68704
77752
24882
68840
62565
13394
10778
8709
18647
66923
37131
36959
15279
67525
100585
7678
25641
90160
90159
90196
72303
53908
59265
101159
34652
36082
55380
7788
99689
89326
9932
79198
26677
25576
44657
24671
14733
30679
46419
57739
11101
99696
68646
104614
7230
5605
88944
88403
77132
53190
47354
34741
34256
33692
32459
19391
17998
7999
2070
12159
43833
81988
10926
463
30602
19386
87083
34490
7824
101253
79413
36506
86904
77241
69605
67039
63280
38416
34230
17727
15535
7176
6837
23670
48431
9577
7878
2513
33741
44632
4180
4179
34683
2463
63115
6713
120
2807
98789
12672
8771
89328
89327
89324
46191
2347
7931
93054
38275
32577
21051
5977
2151
7826
63760
52564
89566
88429
41120
14679
35738
5390
24536
36738
12182
10709
455
61293
12769
56974
93999
87787
62542
61457
58549
56445
56375
53679
53197
53196
45433
38247
28911
28408
22220
18198
12884
41111
31536
31535
105231
105227
64056
38211
28336
16043
23869
97349
33855
67800
98814
98813
90428
61272
99305
54444
9388
6014
61269
105263
7625
7006
72820
58684
7573
26678
63275
1629
99992
89844
29283
9822
99909
99905
19882
1301
1381
7994
106787
9266
101681
48110
8563
24
54414
98274
56320
75119
2253
46435
48430
28644
37885
106563
92628
78109
45803
20007
41007
7290
67173
12384
973
3216
17390
8956
457
40528
64215
99257
39216
18883
7572
27748
80384
80381
41160
3181
61887
37264
18734
18086
12
107297
106271
104511
104509
102079
100777
96720
96330
88946
88945
81319
70877
70876
67102
56670
56669
56086
55791
50279
46242
42482
41252
39634
38617
38286
28188
27188
20509
20508
20369
14390
12013
11944
6990
4966
80244
77335
15583
131
60156
83115
101158
69606
34530
3274
404
23746
3570
5243
89329
70881
36000
17434
5637
19025
100761
40149
18742
1311
79411
14105
9519
31623
5388
1980
19486
1981
1097
8599
80875
55504
67707
16330
16329
16328
16326
13591
85208
8036
5451
773
41936
3932
42543
186
62206
39353
45754
85590
37670
78794
46366
60155
4719
44702
5303
5216
23575
39332
17670
50919
32087
1505
27302
46492
1462
7921
98790
46235
38051
102037
14889
755
100762
44659
76565
81379
99504
12874
4074
52083
14722
79524
63795
33028
96952
9802
1338
13038
69536
70465
20150
20779
67332
39506
12363
51215
105228
86298
83152
82172
79355
75089
71398
68034
57826
57725
54073
48742
48372
38284
35777
16506
16503
14169
10625
10240
10239
8487
7472
5333
4481
3675
1500
97199
61723
35232
115
19936
67862
44357
20126
1120
47547
22377
12369
3482
48425
48424
48422
7402
8018
31090
88428
88424
17901
6016
87080
16325
6336
57999
72708
97938
97935
97934
97933
31620
14500
13297
4723
403
16996
19359
64231
60189
28122
26645
18152
58397
6939
24269
91475
103087
23485
59343
48423
33238
21405
96122
52682
10781
9737
51249
9315
13470
42475
5874
81490
81489
53720
38271
29464
11324
49000
73336
38849
8697
16942
2879
10204
15004
7546
35456
54017
3283
3117
38009
3893
85342
43219
37012
94061
94057
65497
94060
52002
86257
2298
44295
353
8021
18134
67384
18376
59904
30996
2120
67213
24651
9772
99690
1679
30911
17320
14395
10558
3034
25016
3459
107092
104611
103699
102597
102596
102595
102592
102591
102590
94226
91034
90414
89277
86267
86054
85940
85773
85504
83137
78415
70636
68894
66732
65051
62241
59891
58364
58173
56950
56481
55038
55037
55035
53876
47995
43225
42064
41829
38557
38550
38549
37714
34268
29592
28129
27354
26709
25605
25061
23757
19896
18370
18077
16367
11864
10328
7857
5573
2566
1782
955
46
85339
102352
23812
1709
69986
25383
18979
9005
32488
93206
84669
78867
70284
60849
59622
58012
49506
40691
35096
35093
35092
32651
28660
19355
5491
65771
54015
32252
47063
16066
3778
13594
78372
41122
34514
673
23512
100360
95703
89702
88270
77336
75692
75352
75351
54326
54322
54321
27392
17690
210
104428
41760
17304
106789
106788
54339
53326
29100
18693
7967
2034
27725
99083
99082
99081
98617
95852
95851
95850
83192
83123
80716
77455
62786
56979
54958
52370
52229
52106
50482
40532
39087
38618
37952
33965
31168
31034
30019
29085
23873
18867
17413
16357
14946
9742
3910
3229
2490
2080
2039
2038
1622
46286
93062
29726
62289
45054
76931
74669
41948
66026
3828
73585
53568
20877
103953
100528
95236
89928
88627
73370
42748
17415
16602
7858
7804
23124
7341
68707
46888
46887
92081
16949
46810
50811
3486
25480
9837
19958
14723
20373
47413
92960
55692
29938
69206
47545
3218
84030
89840
30809
29417
6469
53477
40696
99998
66027
6020
9160
21164
17824
43513
4124
28405
68326
8892
8883
7043
27055
32100
63699
14426
81605
44191
55693
106613
91691
41141
8741
78735
35885
93388
67325
50335
50218
13089
9119
100587
60524
9521
61409
55198
46978
32852
16841
56255
8493
25630
47879
35501
18385
22034
88269
85673
74810
63439
56057
56053
36730
30461
18175
10729
3688
71905
21091
25122
61270
39441
22633
105319
100155
81609
80866
39432
38220
37586
35049
18460
16821
10218
100300
83348
83346
40853
34471
100626
96188
92415
88052
87966
82975
80378
73022
71937
70955
69607
67746
62869
60644
57455
57330
52231
49101
48818
48128
47563
46582
46263
43845
42326
41986
39050
38197
35424
33187
32535
31543
30178
29749
29721
27614
27333
23455
20143
18769
17079
17031
15413
15340
14967
14329
12486
8521
8038
7835
5653
3678
2115
2068
1282
87786
12362
7015
19110
675
54171
20238
6427
89717
17935
17026
99166
80956
26138
326
69291
56825
60619
13305
13304
104313
83546
69781
62228
53950
53907
45827
32107
30639
29076
29071
29026
14516
8408
34202
24351
9615
100364
30615
19111
74049
46848
36116
17831
15385
45322
14887
4139
27261
53524
854
87962
2244
84255
76510
76509
74588
46924
208
46510
103105
66910
57737
27726
27723
48806
40108
8134
60169
81837
48896
42703
54824
51890
41827
41826
6789
20342
2998
2259
88974
66012
27015
5903
844
41543
65863
73763
16388
74787
64314
81380
74024
5756
89857
68975
12743
11203
7137
7110
48432
397
19242
44421
13286
9195
20942
65249
87246
97455
70707
44051
44050
13163
8248
45351
6
63240
22740
20222
2798
1671
19930
21902
51566
24718
84604
84269
83971
83815
69093
56973
55358
41781
34622
18156
16482
16481
16480
16479
14425
13520
10235
8006
4842
3489
2883
47964
77563
96400
77974
77973
70336
58011
58010
58006
58005
49572
30096
23950
23528
23094
22481
18019
17940
11971
11970
11022
7237
102375
89044
79228
12184
26999
10238
2032
16442
83327
29437
39354
39352
39351
3606
83857
17432
5997
4837
27616
7484
39792
89848
38363
38362
38360
3528
12311
26683
88263
68067
51089
3928
1210
332
27310
20304
92223
40857
29547
20429
20703
75910
1076
25142
32640
30297
8826
567
23501
67996
1452
87968
70623
13779
12334
95281
3354
103338
29354
25642
25637
25054
12390
11972
11128
10630
1685
66339
63028
1760
81562
22212
13762
52990
9413
3177
2756
87815
47372
62243
53654
16861
16519
13610
12637
7226
60317
37772
85944
522
19117
14002
8875
7695
99527
95403
69360
54297
47880
41644
35397
26511
23624
8380
5981
4559
4558
4557
1569
1340
35845
84429
81050
81049
20683
14091
3543
2952
72055
4230
438
42373
104297
70324
62780
48559
39512
25786
12519
9231
9230
38087
29574
14811
8608
47338
78409
57196
4740
72300
101157
72299
80436
80433
1676
17433
46452
18369
16810
96667
76551
73380
49891
30116
23277
22111
15740
2570
17047
107004
101649
98979
98097
97445
96401
95541
94819
94341
94340
94338
93393
93392
93390
93387
93386
93125
86388
84704
84496
83196
81364
80717
79189
79136
79135
79134
78765
78763
78298
77031
76713
76081
76079
72553
71980
71976
71975
71965
71875
71874
71873
71629
70672
70375
69381
69380
68492
65827
64675
64616
63021
63020
62136
62095
61467
60468
59793
59644
59459
58987
58525
57673
56667
56666
55622
55620
55619
54529
53398
51851
49055
48560
47467
43245
42604
42513
42155
42060
42005
41911
41906
39920
39729
39209
38786
38616
38615
38610
38606
38605
38604
38603
38098
37566
37191
36474
36109
35843
35025
34744
33178
32909
32734
32711
30496
30339
30264
28465
22967
20841
19836
19549
19450
19434
19389
18288
17745
17525
16721
16720
16718
16716
16714
16712
15509
15508
15507
15328
14393
14392
14348
14222
14124
13460
13185
12695
11229
11225
11087
10097
10067
9537
9318
7471
7445
7393
6961
4422
4128
4061
3966
3813
3710
110
49805
12217
15986
9536
1808
14341
18006
20702
10557
61152
45390
7499
78781
87506
1260
101470
318
106181
97592
88525
81866
75442
74652
60037
60036
55293
41755
37571
28733
28525
27675
24571
17985
10116
7013
5010
681
67230
75414
107318
107315
97600
91095
90722
87791
87789
85304
73970
63323
61881
61285
48168
46136
45398
45397
44952
44058
43180
35047
33860
32757
27421
13042
8744
8586
6690
7628
45807
7249
1895
88008
84872
80261
73232
64355
61217
51587
47986
38030
34607
30939
25578
21462
21207
19785
19082
12744
10741
10570
9003
5394
5080
2716
89170
9648
9177
26074
31167
46850
24149
78281
70247
9557
8356
6093
5783
16484
74075
53697
23789
13734
93712
79339
11742
2503
29397
4765
2126
99346
105639
93047
89166
81893
79044
77707
75370
68083
64659
63951
63148
63012
60920
57743
55605
55127
53009
53007
51099
51012
49541
47916
47468
45094
43501
43496
41362
38061
38060
36676
34274
28194
27590
27119
25650
24669
23486
21374
19894
16993
16594
16380
11342
10158
10134
10013
6539
4714
4699
95928
89231
89230
84601
66107
21524
20944
13962
10428
8681
5950
2292
29409
13462
3507
105571
88509
107317
9169
10687
12173
6176
41822
9606
20393
96493
92571
92567
92561
92560
74909
74903
74902
62834
62449
54668
42701
34215
29057
25395
25287
17835
17832
15497
13168
1059
8868
6710
33970
18976
12616
7580
5188
4272
2076
98634
71516
21024
12768
11144
36297
19413
1673
11514
107536
107019
106192
106116
105826
105629
104797
104788
104590
103730
102386
102197
102089
101683
101331
101072
99607
99318
99287
99161
96690
96687
96585
92912
92902
92233
92180
92051
91802
90692
90608
89102
89006
88982
88203
87794
87788
87592
87502
87290
87145
87144
86256
86180
85474
84974
84109
83750
83237
83236
83138
83135
81771
80945
79579
79399
78662
78419
77703
77692
76770
76769
76318
74790
73597
73596
73595
73573
72510
72446
72314
72183
71750
71550
70834
70639
70637
69772
69770
67601
67600
67598
67597
67592
65168
64429
64299
62763
62543
62300
60834
60171
60170
60091
60030
59953
59557
58554
58396
58174
57480
55675
55641
55469
54955
51961
51590
51408
51392
49265
48674
48520
47996
47643
45566
45342
44898
44297
43463
42299
42265
42206
41506
40722
39720
39340
38889
37966
37260
36853
36559
36149
35720
34763
34311
33555
33396
32851
32850
30785
30613
30358
28610
28607
28541
27788
27123
26590
26515
26164
25673
24693
24663
24329
23924
21512
21508
21411
21187
21047
21018
20800
20397
20185
18804
17908
17513
17461
17248
16558
15723
15602
15551
15293
14224
12772
12407
12194
11706
11566
10220
9791
9623
9575
9401
7171
7051
6641
5845
5583
4640
3774
2654
2243
2242
2097
2096
2095
2094
2093
2092
1901
1625
67392
51672
33080
86671
48312
27496
24092
11724
3888
107324
106800
106794
106793
106791
106221
105775
105280
103577
103000
102999
102397
99398
98639
98633
97649
97149
96950
96209
95782
94781
94673
94578
94050
92599
91074
88054
88038
87969
87670
81769
81111
81016
79709
76736
74464
73330
72889
71240
68561
68406
67780
67298
66556
66029
66024
66009
65837
65241
64509
64405
63451
63039
61629
61390
60602
59495
58744
56410
55858
55650
54995
54569
53043
52793
50954
50953
50943
50836
50502
50501
50500
50499
50498
50497
50495
50494
50493
50492
50491
50490
50230
50229
50228
49672
48822
48821
47376
46781
46706
46592
45788
45066
43640
43608
43216
42975
42580
38028
37166
36323
35704
35611
35531
35421
34191
33747
33115
31381
31129
30130
29949
28677
27873
27872
27473
27110
26220
26219
26218
25687
23513
23381
23380
23372
23025
20937
20380
19556
19555
19536
19011
19010
19009
18695
18386
17725
17656
16897
15544
15495
15410
15167
15137
14956
14062
14061
14011
13825
12629
12186
12149
11734
11393
10825
10516
10450
10447
10394
9334
8436
7889
7775
7647
7511
7140
7120
6164
5875
5801
5722
5598
5597
5596
5431
4783
4077
3212
2932
1464
1024
741
692
384
54651
32328
23052
54986
50513
23519
23454
10242
9474
36045
82358
76180
75395
57970
53522
37273
17821
15755
13621
7382
5901
5730
5281
31529
32867
13067
6172
75948
26571
47159
40396
75176
1544
28470
1711
1803
12770
5993
5879
3113
37564
93446
92797
77957
54724
54723
53579
32512
30958
25921
10118
1855
1189
108034
103724
100754
100753
92913
91107
81269
75458
72044
69440
62391
62390
62380
62379
61473
61470
57148
56933
56932
55290
47678
43582
43566
38067
38054
31085
27984
26514
23357
23354
21922
21465
10041
9170
3225
51833
73100
44487
42197
42193
33062
31271
29536
29535
17038
456
85174
42427
25307
25303
25302
90603
33393
16598
24717
53105
2638
55181
37042
33606
13920
10695
3545
3544
29730
85591
23252
103635
96432
87822
78232
75224
68695
68559
65995
65198
65099
60824
60409
57339
56331
52200
48669
48185
45886
45395
39508
38401
25571
22471
21219
20805
19806
17440
14707
13357
12837
12702
8206
7829
6179
5222
2804
2803
2794
101198
99168
79874
55689
42428
28624
27299
20541
17428
92879
95174
12930
79389
15270
59964
36725
2791
58682
106009
90763
67709
39603
83707
105292
86408
85714
78546
47466
42100
41850
32502
23465
16356
7339
5551
5085
89275
33270
38050
28675
13508
12645
8804
35759
82088
19687
6771
1540
1359
1186
86916
81848
71895
51702
12654
3941
26363
64472
91837
66025
29162
19109
83099
11846
47991
105627
103057
93435
75386
74481
73206
70875
70874
69117
66953
64988
59897
58059
58013
58008
58007
57672
55597
54630
50996
44696
41849
38752
35388
31294
30362
30095
29163
27917
21277
19722
17381
17349
11173
8252
7083
6929
5412
4915
4717
3221
1578
104293
103786
96063
93323
87235
85176
73941
57745
49054
45200
38356
34007
29495
27044
94409
92992
72832
71009
62982
58812
46303
46169
17279
9399
7756
6562
4423
4141
2318
1887
2
67757
10012
10705
35505
89496
47023
28200
35740
12421
28315
22183
7578
32892
19560
20695
3140
29396
20919
29385
15630
100485
34068
23190
31482
89276
12576
14174
18180
18174
91853
89855
88696
88695
88694
64402
58100
37752
27109
23201
21084
9470
7527
5111
4070
2957
1884
1690
19
46212
12250
71786
12177
94165
63521
52704
5737
43170
88201
39475
37312
81783
62428
46162
30315
26173
102894
100823
47465
16722
7715
3600
66843
37037
45199
31625
3157
34417
34238
12178
36240
24385
17673
8745
44661
54027
101552
106447
88460
83380
60606
53504
42302
40801
30468
26107
17364
16593
12978
32890
88294
60081
19959
36809
12897
35504
35503
26005
23223
5914
94565
31505
25573
23665
79535
46617
79690
78904
59345
47622
22497
90258
85761
102957
34017
5511
3530
2877
1084
59961
47305
53492
103263
42588
12348
35054
51691
39067
22938
9595
10017
11888
95808
74668
56971
54785
43318
6520
70712
5067
62205
47709
37530
28762
43169
95372
91679
82046
64473
60157
59532
46763
41601
37155
34735
27334
23376
22130
21999
12085
11375
5840
24650
107542
67604
61850
106207
103930
99528
92807
92272
89871
89060
87535
86468
86462
85557
83127
79518
78121
73093
70700
67267
60297
60296
57300
51990
51820
48820
44959
42896
42174
36493
29223
24233
21933
19699
19557
18935
18594
18420
17914
17161
16863
16177
11985
11542
10993
10555
9914
8851
8484
8434
6431
4443
3907
2875
2819
1633
1632
1154
990
361
43324
98648
66079
40240
33354
21180
96977
83965
82488
77050
68484
59031
57763
55557
53160
50127
48237
46761
46074
40931
40536
40150
37573
35724
34496
32989
27780
27082
18897
17984
17507
15068
13182
10081
1192
70745
54065
4987
84009
57197
11004
72660
40119
22427
4021
8742
52007
106364
105692
101471
96832
87230
87081
86843
84234
78466
78217
76396
74428
71780
66925
66924
64370
58690
50778
44258
41930
41234
40595
37284
33579
32315
24649
18843
17383
16252
10410
8800
6586
6063
4306
18859
16374
3360
93050
13818
5617
35380
82363
7879
23345
107378
4121
36112
44145
34359
17585
79190
51583
23179
97341
90970
85456
65812
47877
42740
37754
37541
37488
26495
23327
23326
23323
19500
17822
17233
16713
14123
13883
13396
11415
10996
10724
6086
81046
79824
96184
52197
23219
82283
6897
91507
90314
72598
64031
62585
57889
54997
50516
50514
50485
16189
7096
4963
3233
106520
4746
64475
67860
33356
4009
3107
81706
89694
89691
84913
77657
75672
73602
49692
39565
37045
37043
36734
12600
7478
7067
6505
3772
725
604
107363
1605
102632
91466
91026
90857
89232
88158
87292
87247
86531
86445
79904
76313
76290
69729
67863
65851
64040
58621
37278
33826
32438
28216
20345
20344
19589
16547
15764
9236
8683
7567
4627
1922
37805
9056
785
19244
38280
80435
64298
56397
44056
30606
10647
9564
107840
106627
106386
105717
104642
104619
103948
103388
103032
102954
102373
102233
102137
101982
101510
101508
101284
100412
99941
99463
99070
98997
98981
98777
98521
98353
97762
97667
97547
97462
97457
97210
96201
96136
95875
95848
95804
95803
95802
95801
95800
95799
95798
95778
95727
95721
95310
95309
95306
94231
93986
93959
93890
93345
93134
93133
93132
93131
93127
93126
92936
92282
92279
92278
91606
91316
90912
89868
89319
89318
88572
87294
86909
86889
86350
84776
84583
83611
83288
83097
82499
82497
82064
81452
81314
81305
80511
79666
79582
79328
79133
79005
78813
77833
77658
77430
77429
77039
76964
76902
76439
76438
76437
76115
76037
75277
75276
75275
75274
75272
75271
75270
75269
75266
75265
75264
75263
75262
75243
74794
74475
74159
73546
73545
73497
73366
73365
73275
73181
71753
71752
71553
70975
70809
69579
69491
69136
68686
68489
68488
68483
68424
68257
68183
68169
68130
67981
67659
66743
66742
66380
66379
66378
65902
65901
65673
65568
65441
65440
65350
65173
64991
64651
64641
64640
64636
64332
64326
64325
64202
63663
63593
63417
63120
62696
62472
62471
59915
59132
58602
58601
58600
58598
58597
58551
58180
58179
58000
57910
57875
57665
57512
57509
57507
56912
56488
56017
56016
55573
55100
54689
54613
54612
54610
54482
54392
54333
54228
54050
53900
53688
53104
52319
51734
51508
51302
51220
51027
50446
50193
50172
50161
50159
50154
50091
49424
49272
48565
47977
47613
47301
47182
47162
47100
47002
46925
46884
46512
46494
46493
46360
45494
45434
45219
45034
44752
44333
44267
44216
44207
44149
43575
43329
42078
42075
41759
41656
41655
41392
40576
40321
40259
40219
39331
39329
39126
38860
38263
38139
38036
37986
37856
37826
37825
37773
37698
37666
37591
37528
37351
37079
37076
37030
36830
36642
36467
36033
35887
35191
35058
34742
34739
34737
34724
34714
34295
34272
34152
34138
34131
34013
33539
33528
33302
33066
33065
32972
32779
32415
31874
31207
31094
30928
29480
28964
28855
28583
28507
28464
28388
28352
28321
28224
28185
28086
27735
27549
27215
27085
27052
26337
25822
25669
25602
25503
25485
25293
24967
24752
24659
24524
24380
24236
24196
24040
23992
23801
23289
22011
21779
21778
21777
21522
20663
20574
20454
20360
20131
19810
19792
19663
19524
19181
19123
18871
18592
18241
18057
17990
17893
17720
17270
16254
16208
15818
15725
15392
14988
14961
14476
14465
13687
13476
13472
13300
13283
12631
12589
12450
12296
12134
11992
11937
11154
11030
10800
10678
10247
9858
9833
9158
8737
8726
8375
8291
8240
8202
8178
7531
7526
7497
7420
6845
6842
6711
6406
5762
5646
5543
5452
5400
5260
4886
4498
4424
4202
4163
3867
3667
3611
3595
3346
3345
3343
3342
3332
3173
3084
3079
2010
1699
1472
1147
797
579
27
52350
44052
51361
45074
45011
15817
5397
67755
86534
9496
27465
96630
50300
49428
55098
20105
73733
89027
57180
56787
35742
34818
22009
17017
16719
6342
684
22954
67205
12336
1205
3621
11899
11898
11884
34402
79821
57998
56746
31051
24908
18139
14325
7195
5985
11862
6015
71732
18657
8736
41056
58816
32309
28570
19692
37029
12886
4514
5177
72297
61283
28280
20522
29716
1362
97193
91167
89306
83624
70128
66221
64692
59407
53565
51591
47031
41997
33168
29454
23104
17604
15356
14913
11832
11831
9260
1630
1539
1149
747
104483
103063
102335
100665
100206
100205
94180
90315
88511
88499
85047
84419
84113
83107
80123
70180
63330
61574
60405
60045
57921
56574
53784
50849
50128
50086
44821
44534
41743
40175
37726
33522
33521
33409
33324
30650
30480
27797
27245
25362
23490
23234
22477
22335
21973
21475
19349
18854
16309
16184
16183
15354
14433
14135
12985
12705
12331
10043
9061
8227
7142
5318
4616
3152
3017
3012
53523
87105
73938
26979
14534
8515
4333
60918
46159
14891
40675
106848
104627
104209
100813
97437
96804
95465
94599
93249
92565
92516
91860
91360
89846
89101
88617
88295
84803
84723
82769
82128
81997
80200
77299
77205
77082
76768
72532
72328
71282
68668
62269
62252
62122
61560
61548
61546
61431
60719
58553
57893
55721
55218
51582
49384
48515
47900
46187
44598
38545
37181
36713
36293
35987
34804
34116
33060
32754
32753
31718
27683
26780
25918
21586
21567
20438
19139
18462
18002
17472
15907
14307
11716
11083
11080
11079
9560
9381
8130
6807
6357
5966
5965
5931
5926
4959
4112
1906
1345
464
166
6917
55538
55537
25813
3036
107374
101798
81712
68789
53878
22345
10651
7630
107725
98459
93633
89879
89177
87500
86965
85191
83168
78069
77084
76824
76726
75440
74920
73783
66892
65200
62373
57803
56030
51585
49795
45723
42166
42148
42026
39885
35458
35332
34038
29500
29078
27462
25993
25781
25546
20766
20665
20456
17460
16349
15839
13268
11676
9628
7444
6994
4502
3550
3548
424
6087
14699
103951
89899
51953
14388
6858
58596
49799
9024
74264
71964
15702
15794
14559
103323
72958
72876
55126
49820
44957
44255
36801
36540
31618
30720
27961
27184
19462
19456
19142
8092
7285
70966
14199
14198
107968
107777
107278
107222
107049
106796
106795
106792
106492
106420
105845
105444
104695
104282
104272
104271
104174
103980
103915
103275
103098
103027
102587
101708
101254
101022
101021
101020
100892
100803
100760
100756
100751
100750
100749
100633
100556
100554
100543
100534
100331
100320
100281
100280
100269
99710
99416
98695
98500
98451
98304
97914
97789
97710
97705
97699
97624
97619
97559
96599
95420
95224
95103
94431
94156
93580
93276
92466
91898
91488
90725
90362
89951
89826
89786
89210
89209
89208
89023
88952
88951
88950
88949
88384
88349
88245
88149
88060
87951
87916
87540
87283
87276
86733
85834
85759
85757
85530
85484
85406
84918
84917
84910
84672
84622
84427
84273
84272
84165
84114
83618
83582
83496
83494
83296
83125
83048
82926
82877
82473
82182
82134
82077
82012
82011
82010
82009
81819
81280
81182
80888
80464
80306
79944
79943
79784
79558
79436
78802
78740
78739
78738
78737
78736
78733
78615
78567
78484
78327
78242
77780
77435
77044
76694
76657
76599
76598
76597
76596
76540
76261
75890
75878
75682
75564
75259
75226
74704
74703
74195
74169
74168
74167
74166
74100
73621
73238
73191
73098
72971
72664
72239
71820
71592
71062
70957
70956
70311
70310
70307
70181
70151
70140
69507
69398
69341
69186
69163
68883
68702
68620
68020
67921
67808
67766
67675
67514
67263
66999
66760
66759
66257
66256
66255
66254
66253
66030
65926
65894
65814
65757
65624
65473
64928
64779
64761
64760
64624
64496
64260
63994
63775
63604
63453
63335
63085
63055
63052
63010
62556
62463
62049
62048
62045
61923
61809
61612
61336
61230
61091
60587
60455
60319
60285
60188
60187
60186
59695
59482
59327
59173
58907
58906
58903
58902
58880
58652
58393
58377
58224
58176
58082
57664
57473
57319
57312
57041
56808
56695
56653
56652
56528
56237
56099
55523
55234
55185
54822
54797
54763
54703
54547
54314
53409
53377
53075
52653
52344
52238
52141
52074
52071
51983
51759
51739
51716
51470
51469
51402
50785
50655
50409
50342
50340
50316
50314
50088
50078
49589
49547
49183
49137
48710
48694
48593
48177
48026
46928
46857
46800
46740
46590
46440
46339
45841
45772
45660
45652
45075
45073
45072
44730
44477
44396
44280
44276
44013
44009
43982
43858
43746
43721
43659
43168
43166
42395
41939
41900
41732
41712
41617
41587
41557
41426
41425
40987
40929
40917
40910
40909
40907
40897
40848
40754
40724
40299
40298
39918
39348
39254
38932
38723
38245
38029
37862
37859
37611
37546
37482
37288
36877
36153
35810
35773
35564
35342
34956
34647
34581
34532
34455
34450
34240
33951
33633
33474
33186
33185
33184
33095
32839
32826
32759
32546
32487
31910
31693
31673
31670
31649
31581
31340
31262
30863
30860
30796
30773
30747
30420
30253
30179
30131
29943
29715
28803
28620
28500
28494
28272
28198
28119
28033
28023
27868
27867
27866
27529
27230
27219
26970
26931
26929
26928
26793
26792
26735
26734
26733
26680
26617
26318
26033
25990
25210
25152
24972
24961
24696
24164
24111
24069
23693
23676
23675
23582
23520
23488
23456
23430
23102
22751
22750
22749
22746
22745
22744
22743
22733
22653
22629
22570
22482
22441
22291
22267
22044
21848
21792
21736
21735
21733
21587
21565
21457
21414
21413
21408
21376
21248
21212
21205
21136
20958
20891
20704
20488
20095
20081
19537
19534
19366
19255
19254
18984
18945
18694
18690
18589
18545
18502
18436
18024
18013
17885
17706
17601
17190
17157
17067
17007
16979
16819
16745
16682
16644
16427
16354
16353
16305
16277
16258
16018
15919
15505
15479
15478
15474
15337
15325
15187
14954
14935
14683
14617
14612
14563
14529
14449
14249
13832
13658
13627
13295
13232
13222
12974
12934
12461
12447
12060
11760
11469
11338
11334
11212
10977
10765
10739
10676
10439
10080
10071
10027
9970
9611
9544
9312
8428
8421
8414
8409
8406
8308
8222
8084
8062
8014
7975
7913
7861
7860
7313
7032
6986
6902
6846
6772
6591
6534
6525
6440
6269
6251
6239
6155
5486
5332
5154
4990
4924
4849
4845
4553
4552
4535
4524
4441
4374
4329
4054
4018
3797
3374
3369
3302
3175
2980
2348
2077
1953
1889
1888
1765
1752
1732
1533
1383
1368
1363
1241
1119
971
925
914
791
779
395
212
159
158
151
93441
89282
26267
57482
32105
29061
26653
25759
12208
11414
77319
28360
44998
9301
89382
82723
79467
37783
23577
670
69540
58566
39998
23815
22507
97525
20988
18283
5779
2346
31335
9304
107872
107843
106835
106763
106522
104967
103055
99553
99313
94971
93356
90614
87763
86808
84062
83555
82907
82476
81772
79266
78332
77392
76091
76090
74936
74344
73802
73761
72669
69482
67870
67599
66135
62744
62545
62235
62024
61790
61294
61292
60077
60047
59833
59829
59825
57529
56260
53470
50782
50187
49173
49158
48906
48085
46985
45889
45799
45340
42448
41852
39605
34931
32732
31825
30645
27654
27259
26947
25202
24592
24474
24383
23741
19260
19250
18358
16815
16811
16657
15442
14892
14809
14562
12643
12641
12640
11684
10731
10730
10445
9571
9187
9186
9185
9184
8645
8597
8531
8327
2935
2495
1526
1507
744
446
257
256
11175
44259
30965
62976
35613
32818
27703
103785
90723
27826
16527
16526
102857
68337
83066
83065
68129
26007
92101
61662
51090
43618
39870
33662
13976
10821
10773
5700
4463
76508
5957
44283
80281
59177
22592
47105
66841
61861
6524
61653
46060
33276
31125
6899
74045
5454
74044
18173
30956
93389
92780
87071
86676
82398
72163
59924
37784
34137
26782
73606
19593
21942
13481
4072
106182
104487
104424
103336
102836
101765
101060
94176
93853
93801
93391
93302
89908
83828
80084
78257
76486
76485
76481
71582
70051
69387
69378
67692
67180
65670
64591
59593
59013
59007
59006
53260
52806
51246
50813
43384
42077
41661
41657
41159
39529
37956
37438
36238
36236
35339
33436
32024
31270
31091
29954
29504
28745
28462
27216
23854
23740
23739
20377
19923
19517
19016
18765
16742
16717
15721
14625
13635
13420
12656
12613
12271
9884
9534
5911
5910
5492
4794
4448
2602
1818
11276
3768
9749
76355
11886
2775
52188
7550
42469
71012
88581
59074
54705
88912
88517
62196
37710
24306
64949
11133
9936
2784
56999
105498
104109
103059
95416
93713
86061
86060
84878
81132
77438
76557
75340
71136
70973
67246
61794
59574
58316
57957
56869
56069
51430
46138
40789
34143
29410
27269
26201
24117
20796
20570
19502
10623
10541
9520
3865
3657
2953
1968
1735
1575
373
3552
75862
5276
67861
43763
23286
58943
10059
43978
42533
38491
29059
20539
11781
8661
4773
3041
8643
563
8644
75678
69443
6150
8016
565
77127
85302
69208
58922
106008
41399
34643
27495
12484
27938
17471
84755
48767
2701
92309
68640
68197
68190
67868
39976
31086
31081
25403
17671
13207
3308
46614
40506
92662
26621
4890
42261
37795
69233
782
27181
10655
4373
730
5396
28343
15231
16662
9330
34234
1857
40438
15653
1658
16771
14093
106781
106765
106443
101527
99108
95244
95240
93571
90702
90528
90394
89064
89061
88285
86777
85911
81453
80247
78324
75907
73992
73629
73121
71951
71795
71647
69337
66125
66124
65753
64682
63908
63002
62596
60965
59161
57464
57275
55104
55095
53555
52995
51553
50227
50226
50225
50102
49215
48744
48158
46610
44776
44055
42345
41624
38977
38607
38072
37777
37746
36414
36198
35893
34298
33411
32907
31893
31771
30755
28325
28108
26886
23432
22742
20938
18011
17565
17369
17368
17297
16971
16728
16205
15617
15147
14483
14314
12541
12460
12148
11792
11557
11553
11269
10779
10737
9468
8937
8774
7944
7217
7125
5838
4727
4224
3799
3791
3724
3515
3065
2916
2035
1849
1848
1847
192
30
102071
98410
92131
89477
88788
87301
85439
83390
80712
75603
69446
68653
64572
61843
61394
60425
60023
55256
51957
41831
41639
40215
37158
34481
34443
33214
33213
32879
30243
28178
26853
26624
24810
23821
22012
21743
17851
14888
14245
14165
13678
13201
13112
12289
11359
6033
4776
3801
1332
1058
1057
870
81287
72063
47999
9208
8304
70604
37058
83006
42494
25696
79188
20696
20352
5944
106926
106925
106530
101268
101260
100704
100457
98421
96888
96887
96884
96883
96300
93403
92724
92721
91615
91594
91191
89657
88181
88146
84594
84235
80331
79683
78995
78992
78222
77099
75719
74934
74805
72551
72302
70472
70391
68650
68124
68118
67366
66745
66744
65136
60183
59334
54260
53770
52449
51892
50780
50297
49281
47061
46025
42875
41834
38027
38025
37068
36118
34960
33980
32888
32887
32615
30999
30123
29090
29082
28866
27511
27084
26797
25677
24775
24013
23517
22532
21097
21054
19138
19000
18181
16492
15941
13581
12174
11060
10717
7456
7250
5002
3673
2938
2515
1233
965
787
19455
60741
57360
53598
41319
13996
41317
92742
102656
37539
59440
30412
24160
21500
19797
13356
6029
866
6056
21678
82472
27970
9250
68338
85792
30954
26481
6141
20064
9566
81418
9262
83064
65969
12993
1839
106740
91664
72593
63347
56633
56631
52903
47066
47064
35679
33512
27679
25689
23990
20356
14781
9776
8948
7075
4455
3260
3160
2207
1091
1079
4447
10715
90968
73504
47417
1274
44637
54563
21819
6309
38423
100514
64374
67110
26664
75729
104773
99205
95289
93128
90466
86101
83458
82721
77772
77465
77243
75789
75178
71342
65871
65869
65251
63887
63442
63278
63202
62217
59303
55808
54851
53103
49523
48482
47978
42500
40874
37235
35761
35543
34201
31082
29670
29113
28363
25472
25094
23800
21283
20572
19318
18865
17332
16795
14118
13605
12330
11909
11838
11833
11829
11337
10980
9918
9839
7916
7309
7135
6527
6506
6325
6321
6005
5203
5097
4684
1947
1700
1135
863
676
11267
14301
63869
39492
72107
67127
44093
44092
106190
46927
39526
20013
15220
5508
5589
15647
16
6552
6011
53189
20699
78053
22401
35506
91028
90312
90311
58524
27014
15571
5777
96265
57927
37945
29842
20187
18967
8312
50214
96176
72855
36393
58339
61263
42535
91906
81098
30718
3153
98631
106187
90704
85552
82267
81861
75857
74952
72586
72155
68198
65050
53846
53479
47774
42180
40800
40799
40795
38781
29522
27423
26086
24338
23793
20004
18911
12248
11336
7656
5338
4713
2381
2380
2377
1101
819
815
393
4237
55012
48673
108009
107847
107681
107562
107353
107014
106836
106833
106817
106475
106362
106021
105936
105897
105894
105893
105564
105474
105470
105307
105234
105194
105116
105081
105080
105079
105078
105077
104971
104970
104969
104879
104613
104612
104475
104375
104296
104295
104182
104013
104003
103886
103880
103763
103761
103478
103435
103434
103321
103320
103319
103318
103317
103315
103121
103094
102791
102790
102789
102788
102787
102571
102567
102540
102471
102402
102244
102201
102085
102048
102022
101978
101972
101934
101828
101538
101441
101440
101439
101408
101363
101118
101117
101112
100960
100959
100958
100858
100743
100663
100662
100661
100552
100529
100463
100352
100213
100196
100195
100194
100094
100082
99986
99906
99848
99847
99844
99843
99763
99644
99556
99517
99317
99265
99087
99001
98954
98781
98583
98582
98573
98399
98157
98112
98111
98082
98050
97958
97957
97908
97904
97801
97800
97659
97628
97563
97507
97493
97469
96588
96575
96521
96132
96120
96119
96061
96032
95993
95897
95695
95693
95662
95539
95489
95466
95246
95155
95153
95092
94970
94829
94745
94720
94623
94442
94418
94077
94070
94069
93506
93492
93095
92999
92956
92903
92845
92750
92730
92729
92728
92727
92726
92723
92722
92719
92718
92717
92716
92677
92666
92665
92606
92598
92469
92441
92235
92229
92093
92088
92048
91991
91971
91950
91947
91895
91849
91834
91833
91828
91794
91636
91435
91147
91143
91142
90708
90689
90688
90597
90531
90353
90262
90261
89930
89853
89724
89715
89703
89471
89410
89167
88647
88646
88621
88566
88536
88261
88153
88000
87997
87992
87991
87989
87960
87890
87882
87817
87795
87686
87457
87384
87358
87200
87194
87149
87073
87072
86944
86774
86603
86558
86448
86447
86438
86164
86091
85939
85938
85929
85827
85802
85573
85361
85306
85277
85172
85049
84894
84869
84530
84389
84277
84085
84061
84057
84056
84055
84051
83863
83770
83708
83532
83530
83187
83091
82939
82789
82698
82689
82688
82686
82685
82684
82683
82682
82681
82680
82679
82677
82674
82673
82672
82671
82670
82669
82668
82667
82666
82665
82632
82611
82602
82464
82458
82413
82402
82395
82322
82312
82275
82218
82214
82055
82031
81863
81824
81823
81715
81709
81503
81471
81370
81326
81324
81105
80928
80869
80862
80696
80691
80668
80552
80531
80454
80318
80256
80198
80105
80082
80070
79940
79919
79909
79756
79719
79713
79655
79465
78986
78933
78553
78513
78225
78223
78120
77990
77971
77701
77700
77553
77552
77511
77355
77337
77095
77090
77089
77088
77015
76957
76780
76724
76686
76680
76420
76398
76397
76301
76297
76246
76212
76210
76195
76155
76139
76127
76024
76023
76015
75883
75871
75869
75696
75432
75412
75372
75365
75364
75127
74806
74697
74639
74638
74637
74636
74534
74342
74337
74234
74192
73966
73911
73865
73861
73752
73712
73598
73471
73427
73423
73371
73346
73138
72952
72873
72841
72742
72661
72376
72352
72141
72140
72059
72020
71782
71777
71723
71597
71543
71523
71522
71501
71096
70859
70754
70616
70599
70517
70116
70063
70033
69957
69577
69557
69480
69211
69154
69045
69019
68710
68709
68706
68705
68699
68665
68664
68656
68655
68366
68228
68199
68103
68028
67995
67945
67787
67499
67424
67322
67244
66875
66804
66803
66691
66640
66609
66580
66520
66514
66418
66194
66122
65945
65943
65729
65686
65390
65204
65151
65090
64798
64732
64718
64522
64051
63891
63856
63855
63791
63567
63499
63407
63391
63210
63204
63197
63187
63057
62899
62898
62891
62851
62772
62764
62762
62761
62760
62759
62747
62703
62387
62378
62377
62302
62251
62250
62249
62240
62239
62237
61883
61878
61864
61846
61839
61823
61791
61788
61787
61783
61159
61115
61104
61103
61102
61049
61011
60962
60921
60844
60833
60733
60674
60559
60517
60453
60423
60341
60339
60338
60332
60328
60280
60239
60150
60068
60067
59991
59977
59965
59917
59858
59747
59710
59572
59565
59419
59380
59057
58981
58801
58506
58484
58255
58254
58253
58252
58239
58073
58031
57946
57740
57652
57592
57468
57223
57210
56948
56947
56855
56686
56482
56446
56214
56213
56210
55574
55490
55466
55464
55459
55191
55160
55154
55153
55150
55149
55148
55141
55140
55139
55138
55137
55093
55091
55015
54991
54947
54788
54460
54447
54440
54278
54183
54133
54131
54126
54125
54070
53918
53917
53916
53915
53913
53912
53909
53881
53825
53817
53782
53683
53563
53480
53415
53235
53228
52963
52961
52894
52866
52865
52863
52567
52166
52113
52012
51962
51933
51799
51791
51570
51520
51519
51518
51517
51516
51398
51346
51345
51343
51341
51329
51275
51270
51007
50856
50845
50838
50781
50779
50686
49952
49620
49539
49253
49193
49025
48867
48740
48735
48505
48499
48479
48458
48333
48310
48235
48088
47923
47679
47644
47640
47636
47635
47431
47414
47281
46973
46967
46661
46646
46645
46640
46500
46329
46157
46083
46052
46022
45952
45899
45781
45645
45614
45503
45386
45305
45304
44992
44951
44726
44509
44500
44448
44260
44187
44036
44035
44034
44032
44007
43960
43712
43479
43146
43143
43142
43077
42955
42953
42951
42861
42565
42449
42356
42343
42122
42120
41962
41508
41507
41505
41504
41466
41363
41361
41360
41328
41171
41109
41108
41106
41102
41101
40832
40537
40530
40500
40451
40242
40179
40177
40034
40004
40000
39994
39980
39977
39954
39950
39903
39812
39811
39810
39777
39776
39545
39345
39289
39229
39184
38902
38239
38226
38134
38062
38059
38000
37960
37898
37895
37796
37727
37724
37703
37618
37583
37569
37476
37457
37396
37378
37368
37336
37314
37277
37128
37104
36731
36710
36560
36557
36487
36486
36427
36426
36021
35891
35655
35598
35582
35479
35271
35244
35243
35240
35239
35094
35010
34953
34881
34616
33865
33822
33817
33507
33403
33389
33353
33352
33337
33018
32984
32974
32816
32815
32693
32386
32360
32353
32204
32005
31992
31835
31829
31828
31774
31745
31639
31595
31526
31522
31466
31440
31302
31243
31242
31238
31237
31120
31118
31099
31076
31055
30969
30723
30646
30644
30643
30641
30541
30498
30386
30313
30275
30235
30234
30233
30231
30225
30205
29934
29857
29856
29854
29778
29606
29603
29596
29595
29570
29415
29413
29079
29063
29049
28985
28924
28787
28608
28594
28585
28480
28310
28025
27897
27712
27668
27666
27619
27574
27514
27378
27337
27246
27112
26830
26784
26612
26273
26215
26184
26165
26162
26158
26152
26151
25916
25869
25824
25751
25748
25735
25713
25628
25624
25623
25622
25587
25469
25468
25466
25460
25457
25450
25252
25251
25247
25246
25245
25149
25119
25118
25117
25115
25114
25113
24913
24722
24590
24421
24357
24334
24176
24090
24064
24042
24027
23986
23984
23956
23778
23720
23657
23532
23477
23335
23160
23049
23039
22985
22983
22982
22977
22854
22675
22610
22607
22526
22505
22503
22300
22277
22258
21739
21693
21681
21680
21677
21676
21672
21670
21584
21398
21395
21393
21134
21123
21049
21048
21010
20966
20762
20715
20391
20212
20190
20038
20037
19970
19969
19861
19832
19728
19690
19585
19468
19408
19249
19248
19246
19233
19169
19157
19151
19114
18954
18946
18826
18777
18643
18631
18372
18350
18199
18084
18046
18032
17953
17813
17672
17643
17469
17152
17101
16913
16853
16851
16700
16673
16566
16494
16392
16383
16368
16212
16152
16150
15959
15766
15661
15549
15282
15281
15278
15211
15175
15168
14890
14810
14610
14467
14466
14453
14419
14293
14237
14186
14116
14025
13761
13760
13756
13737
13723
13696
13407
13372
13197
12879
12820
12819
12817
12809
12807
12804
12803
12746
12634
12462
12458
12393
12072
12050
12002
11725
11641
11574
11525
11298
11243
11082
11081
11035
10957
10931
10867
10712
10706
10700
10613
10611
10610
10609
10494
10493
10372
10335
10334
10257
10255
10254
10253
9999
9957
9950
9676
9670
9657
9217
9212
9098
9009
8942
8931
8879
8633
8629
8604
8598
8570
8538
8424
8337
8325
8324
8323
8305
8246
8238
8220
8143
7977
7957
7956
7955
7949
7810
7805
7736
7699
7698
7627
7600
7544
7481
7480
7409
7181
7144
7106
7057
7056
7052
7042
7036
7012
7011
7009
7008
6919
6819
6666
6444
6414
6408
6241
6226
6224
6180
6177
6139
6082
6081
6077
5973
5744
5706
5680
5579
5320
5168
5162
5144
4920
4744
4532
4217
4216
4189
4078
4031
3972
3942
3894
3789
3770
3723
3722
3602
3399
3252
3251
2946
2831
2778
2777
2776
2658
2657
2656
2469
2452
2451
2446
1873
1772
1770
1710
1610
1509
1506
1466
1203
1110
947
905
904
903
901
846
845
842
841
816
763
517
173
145
102
62781
3211
296
75183
42573
42042
20856
5190
1715
1430
87158
62245
29916
18128
28196
26796
6046
1086
38407
75476
20097
450
22188
17260
39505
13991
34327
107108
103569
103328
102565
102104
100752
100671
100670
100669
100668
100667
100545
99911
98764
98758
98543
98534
98156
95530
95316
94978
93842
93308
92400
92399
90906
90645
90134
89719
89711
89708
89525
88633
88375
87303
83042
83011
82924
81474
80794
79206
78936
78066
77996
76785
76497
76138
75978
75697
73618
73306
71027
71026
70176
68842
67696
67154
66070
65039
64320
63905
63358
62653
61053
60303
59625
59164
59083
57886
57204
56130
56039
55890
55246
53711
52986
52553
52223
52213
50965
50310
50169
49801
49800
49797
49796
48288
47797
46734
46611
45759
45224
45215
45210
44790
44789
44784
44358
44353
41448
41427
41322
41018
40682
39010
37788
37005
36625
36576
36208
36127
35241
35219
34847
34474
34473
34149
33918
32607
32602
32397
32028
30959
30745
30466
30335
29919
28958
26299
24860
24554
24239
24157
23042
23034
22890
22737
22616
21863
21713
21583
21227
21075
21041
20427
20059
20053
19912
19611
19595
18944
18521
18482
18481
17491
16076
15678
15673
15627
13863
13692
13267
13266
13265
12127
10370
10369
10368
10256
9956
9945
9944
9417
7071
7024
7023
7018
7017
6791
6017
6013
5279
5194
4781
4642
4003
3986
3762
3300
3248
3170
3114
2672
2499
643
179
74665
19796
12571
91024
65744
79042
63437
55324
46201
9714
3607
11704
2024
2896
2895
2892
51564
751
99429
46585
20826
57964
29176
24066
61807
28864
22334
7234
82973
80658
87544
74597
42124
600
7459
92791
1784
68116
94412
67840
57337
53507
42446
33277
20845
17169
9126
8755
6429
3978
2022
76356
43839
42387
35886
15679
1602
11273
24021
22652
13302
61288
61286
10292
1353
52837
9180
16605
4769
66794
7525
3446
17398
100828
55725
30317
31823
71593
105403
98964
46193
93969
83378
78916
74504
67229
65202
63713
58810
56154
51009
50702
46436
43507
43281
42113
35626
31619
27371
23975
23974
23284
22729
19463
19457
16257
14125
13983
9543
666
1695
17902
832
106842
96469
72710
59199
41890
23144
9051
44600
12246
90938
89673
86113
49291
35126
69535
27501
46619
56572
85942
76046
76040
30310
22998
22810
12254
9556
18617
92266
53403
46200
43840
37456
34096
27151
23666
20300
16825
12423
87568
62504
55125
43834
35382
32171
21045
18862
9149
7005
2187
312
66214
50160
15233
102186
93051
96534
5095
2720
279
28946
4555
106941
88884
70039
55471
54988
49977
21937
15752
14686
1776
20624
33269
11809
77094
47383
55332
26469
5984
4672
35913
104478
104116
104113
84279
54241
39643
33538
24420
23106
15597
4226
993
836
67393
11890
11889
68982
107011
98413
98412
98015
98014
97749
97333
97157
95844
95383
92061
89926
86823
86261
86006
85755
84727
83791
80474
76377
76150
76121
75860
75812
74172
73777
71466
70309
70278
70256
68281
66087
63004
62291
57942
57182
56665
56507
55809
54105
53087
52606
52184
51955
48862
48713
48614
47020
45726
44980
44407
43717
42176
41135
40684
40221
40031
39160
38132
37789
35921
35734
35512
35511
35509
34708
34379
33040
32914
31739
31418
31339
31123
29677
29149
28452
28451
27388
26993
26280
25829
24637
24538
24235
23684
22646
22211
22179
21183
20850
20023
19963
19572
18367
17353
14734
13847
13683
12658
12424
11116
10087
9167
8485
8017
7528
7292
6877
6379
5096
4785
4568
4345
3588
3358
2993
2963
2826
1697
1637
1230
922
651
5806
117
84786
23259
29980
107273
103974
103968
85083
78052
68195
66959
55216
41652
34805
22927
19156
19155
18182
17629
13798
11810
8743
949
20917
9307
108042
56054
21343
15021
9982
52198
22466
9808
12947
9848
99723
15693
511
61391
37748
38161
12354
50425
46155
20442
17637
4214
89685
25860
63679
8051
5183
3184
87362
23771
23770
23769
23763
23760
22677
20743
20145
12062
8142
3860
2724
1174
107606
105705
105698
105098
104743
104438
103910
103783
102179
100967
99729
99069
98760
97880
97879
97748
97461
97096
96803
96802
96755
96754
96366
94251
93129
92184
91829
91446
90828
90772
90310
89913
89099
88971
88970
88968
88920
88917
88916
88878
87680
87676
87675
87658
87656
87359
87155
86885
86258
85437
83949
82750
82271
81762
81313
79828
78856
78453
77903
77820
77818
75331
75327
75267
74616
74551
73649
73636
73634
73579
73274
72839
72067
70974
70814
70438
69920
69880
69795
69749
69617
69164
69007
67224
66918
65447
65364
65134
64913
64782
64689
64688
63981
63328
63119
63118
62620
62505
60181
59922
59754
59594
59368
58878
57282
57281
57279
56798
56745
56469
56358
55425
55251
54533
53765
53751
52611
52610
52609
52608
52050
51956
51954
51952
51561
51301
50708
50631
50006
49598
49520
49146
46244
46002
45367
44900
44651
44650
44406
44284
44204
43067
42316
42053
41659
41658
41254
41216
41142
41137
40473
40261
40246
40162
39662
38908
38269
37349
37090
36563
36182
36178
36119
35806
34723
34569
33895
33877
33194
33193
33192
33121
31895
31612
31295
30669
29824
29391
27582
27214
26978
26409
25535
25481
24735
24453
24029
23965
23888
23876
23867
22784
22549
22371
22370
21780
21724
21683
21473
21337
21095
20975
19822
19769
19613
18901
18834
18315
17988
17887
17794
17401
17106
17089
16943
16930
16776
16611
15733
14068
14012
13216
12681
12523
12427
12130
12054
11528
10249
9610
9155
9137
7536
6777
6650
6649
6646
6628
6438
6261
5774
5717
5347
4908
4869
4450
4050
3897
3896
3869
3344
3339
2082
1639
1026
608
390
188
48502
3766
6109
11136
41371
31115
107915
107566
106753
106707
106706
106702
105701
104599
103151
102194
100618
99928
99927
99299
99280
98619
97102
95901
95896
94879
94650
94354
93443
93442
92701
92285
91970
91797
89760
89106
89105
88648
88597
88184
88183
88174
87741
87199
87014
87012
86184
85847
84580
83017
82678
82559
82273
81989
78862
78049
77954
77382
77354
77213
75912
75868
74944
73804
73720
73625
73058
72805
72468
72123
70581
69819
69376
68997
68993
68288
68125
67957
67885
66772
66394
66115
65961
65736
65460
65443
65442
65132
65089
65035
64856
64440
64196
64138
64137
61738
61737
61601
61595
61481
61276
60843
60399
59473
58948
58001
57097
56414
56209
56023
55814
55175
54474
54397
54261
54258
54257
52501
51861
51655
51636
51558
51433
51407
51294
51219
51067
50511
50509
49960
49892
49889
49528
48099
47989
47919
47390
47202
